            Open  High   Low  Close   Volume
Date                                        
2014-05-07  0.43  0.44  0.43   0.44   267500
2014-05-08  0.44  0.46  0.42   0.43  1840800
2014-05-09  0.43  0.44  0.42   0.44   388000
2014-05-12  0.44  0.45  0.42   0.43  1278800
2014-05-13  0.44  0.44  0.41   0.42  1572300
2014-05-14  0.42  0.43  0.39   0.41  2094500
2014-05-15  0.41  0.43  0.40   0.41  1056600
2014-05-16  0.42  0.42  0.41   0.42   449600
2014-05-19  0.42  0.49  0.42   0.45  3732100
2014-05-20  0.45  0.47  0.43   0.43  1538000
2014-05-21  0.44  0.45  0.42   0.43   514200
2014-05-22  0.43  0.44  0.43   0.43   332200
2014-05-23  0.43  0.44  0.43   0.44   147600
2014-05-26  0.44  0.44  0.42   0.44   637600
2014-05-27  0.44  0.50  0.44   0.47  2859200
2014-05-28  0.47  0.49  0.46   0.47   353000
2014-05-29  0.47  0.48  0.45   0.48   482200
2014-05-30  0.49  0.51  0.47   0.47  1485200
2014-06-02  0.48  0.48  0.47   0.48   232500
2014-06-03  0.49  0.50  0.48   0.49   695200
2014-06-04  0.50  0.55  0.48   0.48  3973500
2014-06-05  0.50  0.51  0.48   0.48  3389600
2014-06-06  0.49  0.49  0.47   0.49   294200
2014-06-09  0.48  0.49  0.47   0.49  2130500
2014-06-10  0.49  0.49  0.48   0.49   107300
2014-06-11  0.49  0.49  0.48   0.49   109500
2014-06-13  0.48  0.52  0.48   0.51  8450500
2014-06-16  0.51  0.62  0.50   0.58  7171600
2014-06-17  0.53  0.55  0.50   0.54  5150500
2014-06-18  0.55  0.58  0.53   0.53  2346100
2014-06-20  0.54  0.59  0.54   0.55  5981100
2014-06-23  0.57  0.59  0.55   0.55  1551700
2014-06-24  0.55  0.58  0.51   0.53  6166100
2014-06-25  0.53  0.53  0.51   0.51   996000
2014-06-26  0.52  0.55  0.52   0.52  3890700
2014-06-27  0.52  0.54  0.51   0.51   714700
2014-06-30  0.52  0.54  0.51   0.51  1382000
2014-07-01  0.52  0.57  0.51   0.56  3261200
2014-07-02  0.55  0.58  0.53   0.55  1819700
2014-07-03  0.57  0.58  0.53   0.54  1217300
2014-07-04  0.54  0.55  0.53   0.55   146500
2014-07-07  0.55  0.59  0.54   0.58  2095700
2014-07-08  0.58  0.59  0.56   0.57   803600
2014-07-10  0.60  0.64  0.58   0.60  3106700
2014-07-11  0.60  0.62  0.58   0.60  1363000
2014-07-14  0.59  0.59  0.56   0.58   427400
2014-07-15  0.58  0.59  0.55   0.57   751800
2014-07-16  0.57  0.57  0.55   0.57   200000
2014-07-17  0.56  0.57  0.55   0.57   345500
2014-07-18  0.57  0.57  0.55   0.56   484700
2014-07-21  0.56  0.57  0.55   0.57    81900
2014-07-22  0.56  0.57  0.55   0.57   202700
2014-07-23  0.55  0.56  0.55   0.55   185000
2014-07-24  0.55  0.55  0.53   0.55    61900
2014-07-25  0.54  0.55  0.52   0.52   341400
2014-07-28  0.53  0.53  0.50   0.51   626400
2014-07-29  0.51  0.51  0.49   0.50   390400
2014-07-30  0.50  0.52  0.49   0.51   152100
2014-07-31  0.51  0.52  0.49   0.52   322700
2014-08-01  0.51  0.52  0.51   0.52    31600
2014-08-04  0.52  0.52  0.50   0.52    75900
2014-08-05  0.52  0.52  0.49   0.50   837400
2014-08-06  0.50  0.51  0.48   0.50  2077400
2014-08-07  0.51  0.52  0.49   0.50  1335800
2014-08-08  0.49  0.50  0.49   0.50   207100
2014-08-11  0.50  0.50  0.49   0.50   140900
2014-08-12  0.49  0.50  0.49   0.50   189500
2014-08-13  0.50  0.50  0.48   0.49   133000
2014-08-14  0.48  0.49  0.47   0.48   701500
2014-08-15  0.48  0.48  0.46   0.47  1043600
2014-08-18  0.47  0.47  0.46   0.47   413900
2014-08-19  0.46  0.46  0.45   0.46   505200
2014-08-20  0.46  0.47  0.44   0.45  1118900
2014-08-21  0.45  0.46  0.44   0.46   172200
2014-08-22  0.46  0.46  0.45   0.46    59700
2014-08-25  0.46  0.46  0.45   0.46    46800
2014-08-26  0.45  0.45  0.44   0.45   125900
2014-08-27  0.46  0.46  0.42   0.45   175900
2014-08-28  0.45  0.45  0.43   0.44   285700
2014-08-29  0.44  0.45  0.43   0.45   161700
2014-09-01  0.44  0.48  0.44   0.46   222600
2014-09-02  0.46  0.48  0.43   0.45   809900
2014-09-03  0.44  0.45  0.42   0.43   563800
2014-09-04  0.43  0.43  0.41   0.42   624300
2014-09-05  0.42  0.44  0.42   0.44    82000
2014-09-08  0.44  0.44  0.41   0.42   567000
2014-09-09  0.42  0.43  0.41   0.43   184200
2014-09-10  0.43  0.43  0.41   0.43   409200
2014-09-11  0.43  0.43  0.42   0.43    18500
2014-09-12  0.42  0.43  0.41   0.42   378600
2014-09-15  0.43  0.43  0.41   0.41   292700
2014-09-16  0.41  0.42  0.40   0.40   250000
2014-09-17  0.40  0.41  0.38   0.39   497900
2014-09-18  0.39  0.39  0.36   0.38   844200
2014-09-19  0.38  0.38  0.36   0.37   508900
2014-09-22  0.37  0.37  0.31   0.33  3168800
2014-09-23  0.32  0.33  0.28   0.31  4542800
2014-09-24  0.31  0.32  0.28   0.29  1509000
2014-09-25  0.29  0.30  0.28   0.29  1524700
2014-09-26  0.29  0.30  0.27   0.29  1619400
